t1_a1 <- c(0,0,1,0,0,0,0,0,0,0,1,0,1,1,0,0,1,0,1,1,2,0,0,0,0,0,0,0,0,0,0,0,0,0,0,1,0,0,0,0,0,0,0,0,0,0,0,0,1,0,0,0,0,0,0,0,0,0,0,0,2,0,0,0,0,0,0,0,0,0,0,0,0,0,0,0,0,0,0,1,0,0,1,0,0,0,0,0,0,0,0,0,0,0,0,0,0,0,0,0,0,0,0,1,0)
ct1_a1 <- c(0,0,0,0,0,0,1,0,0,0,0,0,0,0,1,0,1,0,2,2,0,0,0,1,0,0,0,1,0,0,0,1,0,1,1,0,0,2,0,3,3,2,0,0,1,0,0,0,0,0,0,0,1,0,1,1,1,0,2,0,1,3,2,0,0,1,0,0,0,1,0,0,0,1,0,1,1,1,0,1,0,3,2,2,0,0,1,0,0,0,1,0,0,0,1,0,1,1,1,0,2,0,3,2,2)
t1_a2 <- c(0,2,3,0,0,0,1,0,0,0,2,0,2,2,1,0,0,2,2,0,1,1,0,0,0,0,0,0,1,0,0,1,0,3,1,1,1,1,1,0,0,3,0,1,2,0,0,0,0,0,0,3,1,0,1,1,0,0,4,1,3,1,1,1,1,0,0,0,0,0,0,0,1,1,0,1,2,1,1,0,0,2,1,0,1,0,0,0,0,1,2,0,0,1,0,1,0,0,0,0,1,0,3,1,0)
ct1_a2 <- c(3,2,2,0,0,1,2,1,0,5,3,1,5,4,2,2,6,2,8,3,4,2,4,5,0,0,1,3,0,0,5,4,1,4,5,2,1,5,3,10,3,2,3,3,3,0,0,1,3,1,0,2,4,1,6,5,3,2,2,3,7,2,4,2,3,5,0,0,1,3,1,0,4,4,1,6,4,2,1,6,4,8,2,5,2,4,5,0,0,0,1,1,0,4,5,0,7,6,3,2,5,4,7,2,5)
t1_a3 <- c(1,3,0,0,0,0,0,0,0,0,2,0,0,0,0,0,0,0,0,0,0,0,0,1,0,0,0,0,0,0,0,0,1,0,0,0,0,0,0,0,0,0,0,0,0,0,0,0,0,0,0,0,0,1,0,0,0,1,0,0,0,0,0,0,0,0,0,0,0,0,0,0,0,1,0,0,0,0,0,0,0,0,0,0,1,0,0,0,0,0,0,0,0,0,0,0,0,0,0,0,0,0,0,0,0)
ct1_a3 <- c(1,0,1,0,0,0,0,0,0,0,1,2,0,0,0,1,0,0,0,0,0,2,3,0,0,0,0,0,0,0,0,3,1,0,0,0,1,0,0,0,0,0,2,3,1,0,0,0,0,0,0,0,3,1,0,0,0,0,0,0,0,0,0,2,3,1,0,0,0,0,0,0,0,2,2,0,0,0,1,0,0,0,0,0,1,3,1,0,0,0,0,0,0,0,3,2,0,0,0,1,0,0,0,0,0)
t1_a4 <- c(1,5,2,0,0,3,3,1,0,2,3,1,1,3,5,1,3,1,3,6,6,2,0,2,0,0,0,2,0,0,0,1,0,1,1,2,2,1,1,0,0,2,2,1,3,0,0,0,0,1,0,0,2,0,0,2,0,1,1,0,1,1,0,0,0,0,0,0,0,0,0,0,0,1,0,1,0,0,2,0,0,0,0,0,3,1,2,1,0,1,0,1,0,1,0,0,1,1,0,0,0,0,1,0,0)
ct1_a4 <- c(7,2,7,1,0,1,2,2,0,1,4,0,3,4,2,5,2,1,2,1,2,6,7,7,1,0,4,3,3,0,3,6,1,3,6,5,4,4,1,5,7,6,6,6,6,1,0,4,5,2,0,3,5,1,4,5,7,5,4,2,4,6,8,8,7,9,1,0,4,5,3,0,3,6,1,3,7,7,4,5,2,5,7,8,5,6,7,0,0,3,5,2,0,2,7,1,3,6,7,6,5,2,4,7,8)
t1_a5 <- c(2,0,0,0,0,0,0,0,0,0,0,0,2,1,0,0,1,0,0,0,2,0,0,3,0,0,0,0,0,0,1,0,0,1,0,2,0,0,1,0,0,0,0,0,1,0,0,0,0,0,0,0,0,0,3,1,0,1,0,0,0,0,0,0,1,0,0,0,0,0,0,0,0,0,0,0,1,0,0,0,0,0,0,0,0,1,1,0,0,0,0,0,0,0,0,0,0,0,0,0,0,0,0,0,0)
ct1_a5 <- c(0,2,5,0,0,0,0,0,0,1,0,0,4,2,2,1,0,1,0,0,0,2,2,2,0,0,0,0,0,0,0,0,0,5,3,0,1,1,0,0,0,2,2,2,4,0,0,0,0,0,0,1,0,0,3,2,2,0,1,1,0,0,2,2,1,5,0,0,0,0,0,0,1,0,0,6,2,2,1,1,1,0,0,2,2,1,4,0,0,0,0,0,0,1,0,0,6,3,2,1,1,1,0,0,2)
t1_a6 <- c(1,1,0,0,0,0,1,0,0,0,1,0,1,1,1,0,0,0,1,0,0,1,1,0,0,0,0,1,0,0,0,0,0,0,0,1,1,1,0,0,0,0,4,0,0,0,0,0,0,2,0,1,1,0,1,1,0,0,0,1,0,0,2,0,0,0,0,0,0,0,0,0,0,0,0,0,0,0,0,0,0,0,0,0,2,0,0,0,0,0,0,0,0,0,0,0,0,0,0,0,1,0,1,0,0)
ct1_a6 <- c(7,1,0,0,0,0,1,2,0,1,1,0,1,1,1,1,2,1,1,0,2,7,1,0,0,0,0,1,2,0,1,2,0,2,2,1,0,1,1,2,0,2,4,2,0,0,0,0,2,0,0,0,1,0,1,1,2,1,2,0,2,0,0,8,2,0,0,0,0,2,2,0,1,2,0,2,2,2,1,2,1,2,0,2,6,2,0,0,0,0,2,2,0,1,2,0,2,2,2,1,1,1,1,0,2)
t2_a1 <- c(0,1,0,0,0,0,0,0,0,1,0,1,1,0,0,1,0,1,1,2,0,0,0,0,0,0,0,0,0,0,0,0,0,0,1,0,0,0,0,0,0,0,0,0,0,0,0,1,0,0,0,0,0,0,0,0,0,0,0,2,0,0,0,0,0,0,0,0,0,0,0,0,0,0,0,0,0,0,1,0,0,1,0,0,0,0,0,0,0,0,0,0,0,0,0,0,0,0,0,0,0,0,1,0,0)
ct2_a1 <- c(0,0,0,0,0,1,0,0,0,0,0,0,0,1,0,1,0,2,2,0,0,0,1,0,0,0,1,0,0,0,1,0,1,1,0,0,2,0,3,3,2,0,0,1,0,0,0,0,0,0,0,1,0,1,1,1,0,2,0,1,3,2,0,0,1,0,0,0,1,0,0,0,1,0,1,1,1,0,1,0,3,2,2,0,0,1,0,0,0,1,0,0,0,1,0,1,1,1,0,2,0,3,2,2,0)
t2_a2 <- c(2,3,0,0,0,1,0,0,0,2,0,2,2,1,0,0,2,2,0,1,2,0,0,0,0,0,0,1,0,0,1,0,3,1,1,1,1,1,0,0,3,1,1,2,0,0,0,0,0,0,3,1,0,1,1,0,0,4,1,3,1,1,1,1,0,0,0,0,0,0,0,1,1,0,1,2,1,1,0,0,2,1,0,2,0,0,0,0,1,2,0,0,1,0,1,0,0,0,0,1,0,3,1,0,2)
ct2_a2 <- c(2,2,0,0,1,2,1,0,5,3,1,5,4,2,2,6,2,8,3,4,6,4,5,0,0,1,3,0,0,5,4,1,4,5,2,1,5,3,10,3,2,7,3,3,0,0,1,3,1,0,2,4,1,6,5,3,2,2,3,7,2,4,7,3,5,0,0,1,3,1,0,4,4,1,6,4,2,1,6,4,8,2,5,6,4,5,0,0,0,1,1,0,4,5,0,7,6,3,2,5,4,7,2,5,6)
t2_a3 <- c(3,0,0,0,0,0,0,0,0,2,0,0,0,0,0,0,0,0,0,0,1,0,1,0,0,0,0,0,0,0,0,1,0,0,0,0,0,0,0,0,0,1,0,0,0,0,0,0,0,0,0,0,1,0,0,0,1,0,0,0,0,0,0,0,0,0,0,0,0,0,0,0,1,0,0,0,0,0,0,0,0,0,0,0,0,0,0,0,0,0,0,0,0,0,0,0,0,0,0,0,0,0,0,0,0)
ct2_a3 <- c(0,1,0,0,0,0,0,0,0,1,2,0,0,0,1,0,0,0,0,0,1,3,0,0,0,0,0,0,0,0,3,1,0,0,0,1,0,0,0,0,0,1,3,1,0,0,0,0,0,0,0,3,1,0,0,0,0,0,0,0,0,0,2,3,1,0,0,0,0,0,0,0,2,2,0,0,0,1,0,0,0,0,0,2,3,1,0,0,0,0,0,0,0,3,2,0,0,0,1,0,0,0,0,0,2)
t2_a4 <- c(5,2,0,0,3,3,1,0,2,3,1,1,3,5,1,3,1,3,6,6,3,0,2,0,0,0,2,0,0,0,1,0,1,1,2,2,1,1,0,0,2,3,1,3,0,0,0,0,1,0,0,2,0,0,2,0,1,1,0,1,1,0,0,0,0,0,0,0,0,0,0,0,1,0,1,0,0,2,0,0,0,0,0,3,1,2,1,0,1,0,1,0,1,0,0,1,1,0,0,0,0,1,0,0,1)
ct2_a4 <- c(2,7,1,0,1,2,2,0,1,4,0,3,4,2,5,2,1,2,1,2,7,7,7,1,0,4,3,3,0,3,6,1,3,6,5,4,4,1,5,7,6,7,6,6,1,0,4,5,2,0,3,5,1,4,5,7,5,4,2,4,6,8,10,7,9,1,0,4,5,3,0,3,6,1,3,7,7,4,5,2,5,7,8,7,6,7,0,0,3,5,2,0,2,7,1,3,6,7,6,5,2,4,7,8,9)
t2_a5 <- c(0,0,0,0,0,0,0,0,0,0,0,2,1,0,0,1,0,0,0,2,0,0,3,0,0,0,0,0,0,1,0,0,1,0,2,0,0,1,0,0,0,0,0,1,0,0,0,0,0,0,0,0,0,3,1,0,1,0,0,0,0,0,0,1,0,0,0,0,0,0,0,0,0,0,0,1,0,0,0,0,0,0,0,0,1,1,0,0,0,0,0,0,0,0,0,0,0,0,0,0,0,0,0,0,0)
ct2_a5 <- c(2,5,0,0,0,0,0,0,1,0,0,4,2,2,1,0,1,0,0,0,0,2,2,0,0,0,0,0,0,0,0,0,5,3,0,1,1,0,0,0,2,0,2,4,0,0,0,0,0,0,1,0,0,3,2,2,0,1,1,0,0,2,0,1,5,0,0,0,0,0,0,1,0,0,6,2,2,1,1,1,0,0,2,0,1,4,0,0,0,0,0,0,1,0,0,6,3,2,1,1,1,0,0,2,0)
t2_a6 <- c(1,0,0,0,0,1,0,0,0,1,0,1,1,1,0,0,0,1,0,0,0,1,0,0,0,0,1,0,0,0,0,0,0,0,1,1,1,0,0,0,0,0,0,0,0,0,0,0,2,0,1,1,0,1,1,0,0,0,1,0,0,2,1,0,0,0,0,0,0,0,0,0,0,0,0,0,0,0,0,0,0,0,0,0,0,0,0,0,0,0,0,0,0,0,0,0,0,0,0,1,0,1,0,0,0)
ct2_a6 <- c(1,0,0,0,0,1,2,0,1,1,0,1,1,1,1,2,1,1,0,2,1,1,0,0,0,0,1,2,0,1,2,0,2,2,1,0,1,1,2,0,2,1,2,0,0,0,0,2,0,0,0,1,0,1,1,2,1,2,0,2,0,0,0,2,0,0,0,0,2,2,0,1,2,0,2,2,2,1,2,1,2,0,2,1,2,0,0,0,0,2,2,0,1,2,0,2,2,2,1,1,1,1,0,2,1)
t3_a1 <- c(1,0,0,0,0,0,0,0,1,0,1,1,0,0,1,0,1,1,2,0,0,0,0,0,0,0,0,0,0,0,0,0,0,1,0,0,0,0,0,0,0,0,0,0,0,0,1,0,0,0,0,0,0,0,0,0,0,0,2,0,0,0,0,0,0,0,0,0,0,0,0,0,0,0,0,0,0,1,0,0,1,0,0,0,0,0,0,0,0,0,0,0,0,0,0,0,0,0,0,0,0,1,0,0,0)
ct3_a1 <- c(0,0,0,0,1,0,0,0,0,0,0,0,1,0,1,0,2,2,0,0,0,1,0,0,0,1,0,0,0,1,0,1,1,0,0,2,0,3,3,2,0,0,1,0,0,0,0,0,0,0,1,0,1,1,1,0,2,0,1,3,2,0,0,1,0,0,0,1,0,0,0,1,0,1,1,1,0,1,0,3,2,2,0,0,1,0,0,0,1,0,0,0,1,0,1,1,1,0,2,0,3,2,2,0,0)
t3_a2 <- c(3,0,0,0,1,0,0,0,2,0,2,2,1,0,0,2,2,0,1,2,0,0,0,0,0,0,1,0,0,1,0,3,1,1,1,1,1,0,0,3,1,1,2,0,0,0,0,0,0,3,1,0,1,1,0,0,4,1,3,1,1,1,0,0,0,0,0,0,0,0,1,1,0,1,2,1,1,0,0,2,1,0,2,0,0,0,0,1,2,0,0,1,0,1,0,0,0,0,1,0,3,1,0,2,2)
ct3_a2 <- c(2,0,0,1,2,1,0,5,3,1,5,4,2,2,6,2,8,3,4,6,3,5,0,0,1,3,0,0,5,4,1,4,5,2,1,5,3,10,3,2,7,2,3,0,0,1,3,1,0,2,4,1,6,5,3,2,2,3,7,2,4,7,3,5,0,0,1,3,1,0,4,4,1,6,4,2,1,6,4,8,2,5,6,3,5,0,0,0,1,1,0,4,5,0,7,6,3,2,5,4,7,2,5,6,1)
t3_a3 <- c(0,0,0,0,0,0,0,0,2,0,0,0,0,0,0,0,0,0,0,1,0,1,0,0,0,0,0,0,0,0,1,0,0,0,0,0,0,0,0,0,1,1,0,0,0,0,0,0,0,0,0,1,0,0,0,1,0,0,0,0,0,0,1,0,0,0,0,0,0,0,0,1,0,0,0,0,0,0,0,0,0,0,0,0,0,0,0,0,0,0,0,0,0,0,0,0,0,0,0,0,0,0,0,0,0)
ct3_a3 <- c(1,0,0,0,0,0,0,0,1,2,0,0,0,1,0,0,0,0,0,1,2,0,0,0,0,0,0,0,0,3,1,0,0,0,1,0,0,0,0,0,1,1,1,0,0,0,0,0,0,0,3,1,0,0,0,0,0,0,0,0,0,2,1,1,0,0,0,0,0,0,0,2,2,0,0,0,1,0,0,0,0,0,2,2,1,0,0,0,0,0,0,0,3,2,0,0,0,1,0,0,0,0,0,2,2)
t3_a4 <- c(2,0,0,3,3,1,0,2,3,1,1,3,5,1,3,1,3,6,6,3,2,2,0,0,0,2,0,0,0,1,0,1,1,2,2,1,1,0,0,2,3,1,3,0,0,0,0,1,0,0,2,0,0,2,0,1,1,0,1,1,0,0,0,0,0,0,0,0,0,0,0,1,0,1,0,0,2,0,0,0,0,0,3,0,2,1,0,1,0,1,0,1,0,0,1,1,0,0,0,0,1,0,0,1,0)
ct3_a4 <- c(7,1,0,1,2,2,0,1,4,0,3,4,2,5,2,1,2,1,2,7,1,7,1,0,4,3,3,0,3,6,1,3,6,5,4,4,1,5,7,6,7,2,6,1,0,4,5,2,0,3,5,1,4,5,7,5,4,2,4,6,8,10,3,9,1,0,4,5,3,0,3,6,1,3,7,7,4,5,2,5,7,8,7,3,7,0,0,3,5,2,0,2,7,1,3,6,7,6,5,2,4,7,8,9,3)
t3_a5 <- c(0,0,0,0,0,0,0,0,0,0,2,1,0,0,1,0,0,0,2,0,0,3,0,0,0,0,0,0,1,0,0,1,0,2,0,0,1,0,0,0,0,2,1,0,0,0,0,0,0,0,0,0,3,1,0,1,0,0,0,0,0,0,0,0,0,0,0,0,0,0,0,0,0,0,1,0,0,0,0,0,0,0,0,0,1,0,0,0,0,0,0,0,0,0,0,0,0,0,0,0,0,0,0,0,2)
ct3_a5 <- c(5,0,0,0,0,0,0,1,0,0,4,2,2,1,0,1,0,0,0,0,4,2,0,0,0,0,0,0,0,0,0,5,3,0,1,1,0,0,0,2,0,2,4,0,0,0,0,0,0,1,0,0,3,2,2,0,1,1,0,0,2,0,4,5,0,0,0,0,0,0,1,0,0,6,2,2,1,1,1,0,0,2,0,4,4,0,0,0,0,0,0,1,0,0,6,3,2,1,1,1,0,0,2,0,2)
t3_a6 <- c(0,0,0,0,1,0,0,0,1,0,1,1,1,0,0,0,1,0,0,0,0,0,0,0,0,1,0,0,0,0,0,0,0,1,1,1,0,0,0,0,0,1,0,0,0,0,0,2,0,1,1,0,1,1,0,0,0,1,0,0,2,1,2,0,0,0,0,0,0,0,0,0,0,0,0,0,0,0,0,0,0,0,0,0,0,0,0,0,0,0,0,0,0,0,0,0,0,0,1,0,1,0,0,0,0)
